{"chain_id":"meshchain-testnet-1","height":35,"tip_hash":[213,67,231,240,5,15,221,115,62,220,46,222,179,243,4,62,48,77,37,41,122,146,207,97,34,246,60,179,49,96,93,47],"block_reward":100000,"slot_secs":30,"validators":[[24,174,74,156,56,255,149,189,178,229,108,133,103,126,97,80,214,224,254,219,190,183,1,202,67,222,140,175,54,16,209,180],[173,220,236,205,44,134,199,182,228,89,135,120,11,101,53,160,15,203,130,47,93,1,80,18,161,113,19,42,46,47,250,111],[100,36,37,35,204,105,137,228,242,88,107,6,4,249,177,31,81,212,20,65,195,168,175,23,210,196,215,245,4,64,95,15]],"accounts":{"2329480c7fd7be0b":{"pubkey":[24,174,74,156,56,255,149,189,178,229,108,133,103,126,97,80,214,224,254,219,190,183,1,202,67,222,140,175,54,16,209,180],"balance":1100000,"nonce":0},"b504b5e29f0073fd":{"pubkey":[231,154,198,111,96,98,214,17,251,170,135,89,191,44,141,96,54,109,2,198,251,31,110,20,199,152,113,112,197,67,190,179],"balance":0,"nonce":0},"c70241166179e8ae":{"pubkey":[34,79,97,107,219,104,193,24,162,44,166,182,62,22,110,14,10,44,51,213,111,222,104,25,10,98,152,66,248,234,208,194],"balance":1000000000000,"nonce":0},"429da4c0a1ab5d0b":{"pubkey":[77,73,232,29,147,12,229,196,154,18,208,100,174,42,116,42,211,241,139,212,173,52,230,162,159,193,79,34,133,92,200,30],"balance":10000000000,"nonce":0},"5b5ede521c3b1c10":{"pubkey":[173,220,236,205,44,134,199,182,228,89,135,120,11,101,53,160,15,203,130,47,93,1,80,18,161,113,19,42,46,47,250,111],"balance":1200000,"nonce":0},"b1a78b68df26e14e":{"pubkey":[100,36,37,35,204,105,137,228,242,88,107,6,4,249,177,31,81,212,20,65,195,168,175,23,210,196,215,245,4,64,95,15],"balance":1200000,"nonce":0}},"total_supply":1010003500000,"applied":[{"height":0,"hash_hex":"86a242cfc327c1604ee436cf4e29d145cb8733d114e8235fd73375a57452b2b4","tx_count":0},{"height":1,"hash_hex":"4ddf894dfa0f8edc899bf818173ebde850946b70e565eeb6d8fcc51d4d0feccf","tx_count":0},{"height":2,"hash_hex":"86e8d2d0641a014a00e76eb8ec7266b84743d975e3140c86cec07e72a21e9802","tx_count":0},{"height":3,"hash_hex":"325cef6b2345b5a5ecaed2b37cba0937286454e823f4c1a008c210a51323f801","tx_count":0},{"height":4,"hash_hex":"a6311d231b0af0abe628ddd33618107e75b9b3e8a695ab9d9c4f3c04e7239562","tx_count":0},{"height":5,"hash_hex":"b68cb4ff83a939670f19ff2f61b25cad8403c70e969187e2366f1f27b8d55ba5","tx_count":0},{"height":6,"hash_hex":"359b0e92a6247c39070237fdc9b563c640433cb29ece99f4766210e4d4bbd36f","tx_count":0},{"height":7,"hash_hex":"2a872bc5b0fb3ddea9e84dbf6b505e6b588429e5511784ba08a5cace56ccf751","tx_count":0},{"height":8,"hash_hex":"e918858058f37482e2e1e5a4d91f360c1652943ff94f9f8649d3660ca9bb504e","tx_count":0},{"height":9,"hash_hex":"42a5affa027ea6ff08618858e2e3ecd25c47551cb14653bed39dcc1c7ee23e21","tx_count":0},{"height":10,"hash_hex":"35fbbbcffcbf0b84800cc18be0cd8846b76945ae6e58184a57d24f15c1efb0d7","tx_count":0},{"height":11,"hash_hex":"b0ab0dbe94ad1c98963df54fe9cc883356497f6cc9dcfe3c10f9ffbeda865319","tx_count":0},{"height":12,"hash_hex":"f080cbd2cb3b3eaf403b9763f9dbfda21a0ab7c6742f77bddadb56243136e518","tx_count":0},{"height":13,"hash_hex":"6d1f9ec5bcd1eef5c7aa083b9dba21a8fe2be7633d6b73eb7b533f163770d255","tx_count":0},{"height":14,"hash_hex":"8450c9a35a64b599058a6f8b18b4e95da71814b503ebefa06ca038118e63805e","tx_count":0},{"height":15,"hash_hex":"6aef0bd8fe7938f18512536c8f39d0dd440804ff3f5cb8080ee8df8c8ce79f33","tx_count":0},{"height":16,"hash_hex":"a0e7b0536e3585d36b6580171e28ae7564808bd586b72797438127974243ebd8","tx_count":0},{"height":17,"hash_hex":"3bade1b852818633201f8add1b90dae36e48bfcbf8ac53078adfa5ab18f50b10","tx_count":0},{"height":18,"hash_hex":"96089cf851eb5de128dc7a27534477a2a75ab4b7f257eb3590b094eca71fb74a","tx_count":0},{"height":19,"hash_hex":"98410466d697e0c6888fa3632a2c7a9652ab38541c8d0a93f39664e81ac05bf6","tx_count":0},{"height":20,"hash_hex":"f4876db35e55f9c227f609002a5a5d70313ab69e38df05a0d67a981d29f252a6","tx_count":0},{"height":21,"hash_hex":"4148f5e23d1ea97ac3bbc639e7d50eaf939f8ce7a44a96c4aefdfcf23564cec2","tx_count":0},{"height":22,"hash_hex":"732a737be607ea9ad48de542dd54b08ca3e7434f6062609ebdea8b5a9e34a5e7","tx_count":0},{"height":23,"hash_hex":"315fc9aba74c5843036ef187e2fde8fb745e7207a0b81f35dfb12873f673b890","tx_count":0},{"height":24,"hash_hex":"a076d2f8d40acc06acfc7599c660fe1ccf0f469dabb00878f176abde008a3d60","tx_count":0},{"height":25,"hash_hex":"1cce28308adfafe57b711e3deb3118b2c6733da3adc44e5f20f5d1175885de60","tx_count":0},{"height":26,"hash_hex":"290cd514b7354411afa2f49849b5a78827c70cfe86be2e3c9e25b70280c51659","tx_count":0},{"height":27,"hash_hex":"fb847f3324382e4f81f0d592198f6276c5b27c0ac6fa83765a627bc6d942a8f2","tx_count":0},{"height":28,"hash_hex":"f776d659a688fe0cf1a946b8a0983f0ca48282c02696047b8edf80f4fbc770e8","tx_count":0},{"height":29,"hash_hex":"ab0c7736ad4dcfcbddcf3b8bdf2e13a309a67674c054cc9f2708e5dd6a29026e","tx_count":0},{"height":30,"hash_hex":"fab20032ce33339435675da97c347d5c6bd78634732446ba24bef8b99347ea65","tx_count":0},{"height":31,"hash_hex":"dfa76e1815253c2053bd8e3d7f9ba5f060adcfac8b070b25fb2910f70c3d5b60","tx_count":0},{"height":32,"hash_hex":"1fa5ed783699ecb9d7026cbabb108c87802c15045ba49113d4fa5caa141eac54","tx_count":0},{"height":33,"hash_hex":"95fc993cacba0df11945d7695957330296771b05489ff5c1276c5a1f1da1d7a6","tx_count":0},{"height":34,"hash_hex":"cfacf15d97e05d36c6fa8654bab5731ef8ff0456e4edc69907023ffe23d1a610","tx_count":0},{"height":35,"hash_hex":"d543e7f0050fdd733edc2edeb3f3043e304d25297a92cf6122f63cb331605d2f","tx_count":0}],"pq_required_above":100000000,"minters":[[173,220,236,205,44,134,199,182,228,89,135,120,11,101,53,160,15,203,130,47,93,1,80,18,161,113,19,42,46,47,250,111],[24,174,74,156,56,255,149,189,178,229,108,133,103,126,97,80,214,224,254,219,190,183,1,202,67,222,140,175,54,16,209,180],[100,36,37,35,204,105,137,228,242,88,107,6,4,249,177,31,81,212,20,65,195,168,175,23,210,196,215,245,4,64,95,15]]}